<?xml version="1.0"?>
<opencv_storage>
<K1 type_id="opencv-matrix">
  <rows>3</rows>
  <cols>3</cols>
  <dt>d</dt>
  <data>
    760.86816280143239 0. 311.84828335537679 0. 763.53827937890208
    243.07074679124068 0. 0. 1.</data></K1>
<D1 type_id="opencv-matrix">
  <rows>1</rows>
  <cols>5</cols>
  <dt>d</dt>
  <data>
    0.046066769327066194 -0.10974719528851709 -0.0099894629410636239
    -0.0073990105955970987 -0.50214163762855124</data></D1>
<K2 type_id="opencv-matrix">
  <rows>3</rows>
  <cols>3</cols>
  <dt>d</dt>
  <data>
    762.34392666370297 0. 330.17583022156015 0. 764.01057968470923
    251.22349312758379 0. 0. 1.</data></K2>
<D2 type_id="opencv-matrix">
  <rows>1</rows>
  <cols>5</cols>
  <dt>d</dt>
  <data>
    -0.043684501918240651 1.3076999098137887 0.0032423581767866906
    0.0092873589969218462 -5.7142321905777491</data></D2>
<R type_id="opencv-matrix">
  <rows>3</rows>
  <cols>3</cols>
  <dt>d</dt>
  <data>
    0.99931542993725231 0.028311309197524014 -0.023814727813828679
    -0.028007304801501782 0.99952313520691327 0.013003578888073053
    0.024171519751151942 -0.012327690686611026 0.9996318150575515</data></R>
<T type_id="opencv-matrix">
  <rows>3</rows>
  <cols>1</cols>
  <dt>d</dt>
  <data>
    -98.548780954206819 -1.4948406366226508 0.26235501564452568</data></T>
<R1 type_id="opencv-matrix">
  <rows>3</rows>
  <cols>3</cols>
  <dt>d</dt>
  <data>
    0.99870782552800852 0.043500271266818213 -0.026275570951555943
    -0.043330974997814777 0.99903639760417051 0.0069787440002069085
    0.026553829005545912 -0.005831180137408111 0.99963037744125671</data></R1>
<R2 type_id="opencv-matrix">
  <rows>3</rows>
  <cols>3</cols>
  <dt>d</dt>
  <data>
    0.9998814352495955 0.015166736582058239 -0.0026618686405602866
    -0.015183480446239322 0.99986432479139731 -0.0063870126805766645
    0.0025646373521046283 0.0064266718364667536 0.99997605997561689</data></R2>
<P1 type_id="opencv-matrix">
  <rows>3</rows>
  <cols>4</cols>
  <dt>d</dt>
  <data>
    876.87149956903272 0. 350.10171890258789 0. 0. 876.87149956903272
    255.33313369750977 0. 0. 0. 1. 0.</data></P1>
<P2 type_id="opencv-matrix">
  <rows>3</rows>
  <cols>4</cols>
  <dt>d</dt>
  <data>
    876.87149956903272 0. 350.10171890258789 -86424.864278477413 0.
    876.87149956903272 255.33313369750977 0. 0. 0. 1. 0.</data></P2>
<Q type_id="opencv-matrix">
  <rows>4</rows>
  <cols>4</cols>
  <dt>d</dt>
  <data>
    1. 0. 0. -350.10171890258789 0. 1. 0. -255.33313369750977 0. 0. 0.
    876.87149956903272 0. 0. 0.010146055847349501 0.</data></Q>
</opencv_storage>
